# GNUBANDS: Utility for SIESTA to transform bands output into Gnuplot format
#
#                                                  Emilio Artacho, Feb. 1999
#                                                   Alberto Garcia, May 2012
#                                         Nick Papior, April 2013, July 2016
# --------------------------------------------------------------------------
# E_F               =    -3.6213
# k_min, k_max      =     0.0000    0.0001
# E_min, E_max      =     -1e30       1e30
# Nbands, Nspin, Nk =    110     1     5
# Using min_band, max_band =      1   110
# Total number of bands =    110
#
#        k            E[eV]
# --------------------------------------------------------------------------

      0.000000    -78.564000  1
      0.000010    -78.564000  1
      0.000030    -78.564000  1
      0.000044    -78.564000  1
      0.000065    -78.564000  1


      0.000000    -78.564000  1
      0.000010    -78.564000  1
      0.000030    -78.564000  1
      0.000044    -78.564000  1
      0.000065    -78.564000  1


      0.000000    -52.350200  1
      0.000010    -52.350200  1
      0.000030    -52.350200  1
      0.000044    -52.350200  1
      0.000065    -52.350200  1


      0.000000    -52.344800  1
      0.000010    -52.344800  1
      0.000030    -52.344800  1
      0.000044    -52.344800  1
      0.000065    -52.344800  1


      0.000000    -52.341900  1
      0.000010    -52.341900  1
      0.000030    -52.341900  1
      0.000044    -52.341900  1
      0.000065    -52.341900  1


      0.000000    -52.340500  1
      0.000010    -52.340500  1
      0.000030    -52.340500  1
      0.000044    -52.340500  1
      0.000065    -52.340500  1


      0.000000    -52.322600  1
      0.000010    -52.322600  1
      0.000030    -52.322600  1
      0.000044    -52.322600  1
      0.000065    -52.322600  1


      0.000000    -52.322400  1
      0.000010    -52.322400  1
      0.000030    -52.322400  1
      0.000044    -52.322400  1
      0.000065    -52.322400  1


      0.000000    -52.318500  1
      0.000010    -52.318500  1
      0.000030    -52.318500  1
      0.000044    -52.318500  1
      0.000065    -52.318500  1


      0.000000    -52.315000  1
      0.000010    -52.315000  1
      0.000030    -52.315000  1
      0.000044    -52.315000  1
      0.000065    -52.315000  1


      0.000000    -51.460900  1
      0.000010    -51.460900  1
      0.000030    -51.460900  1
      0.000044    -51.460900  1
      0.000065    -51.460900  1


      0.000000    -51.456500  1
      0.000010    -51.456500  1
      0.000030    -51.456500  1
      0.000044    -51.456500  1
      0.000065    -51.456500  1


      0.000000    -51.456000  1
      0.000010    -51.456000  1
      0.000030    -51.456000  1
      0.000044    -51.456000  1
      0.000065    -51.456000  1


      0.000000    -51.454300  1
      0.000010    -51.454300  1
      0.000030    -51.454300  1
      0.000044    -51.454300  1
      0.000065    -51.454300  1


      0.000000    -51.440900  1
      0.000010    -51.440900  1
      0.000030    -51.440900  1
      0.000044    -51.440900  1
      0.000065    -51.440900  1


      0.000000    -51.438300  1
      0.000010    -51.438300  1
      0.000030    -51.438300  1
      0.000044    -51.438300  1
      0.000065    -51.438300  1


      0.000000    -51.436200  1
      0.000010    -51.436200  1
      0.000030    -51.436200  1
      0.000044    -51.436200  1
      0.000065    -51.436200  1


      0.000000    -51.435100  1
      0.000010    -51.435100  1
      0.000030    -51.435100  1
      0.000044    -51.435100  1
      0.000065    -51.435100  1


      0.000000    -51.413100  1
      0.000010    -51.413100  1
      0.000030    -51.413100  1
      0.000044    -51.413100  1
      0.000065    -51.413100  1


      0.000000    -51.411400  1
      0.000010    -51.411400  1
      0.000030    -51.411400  1
      0.000044    -51.411400  1
      0.000065    -51.411400  1


      0.000000    -51.403400  1
      0.000010    -51.403400  1
      0.000030    -51.403400  1
      0.000044    -51.403400  1
      0.000065    -51.403400  1


      0.000000    -51.400600  1
      0.000010    -51.400600  1
      0.000030    -51.400600  1
      0.000044    -51.400600  1
      0.000065    -51.400600  1


      0.000000    -49.326300  1
      0.000010    -49.326300  1
      0.000030    -49.326300  1
      0.000044    -49.326300  1
      0.000065    -49.326300  1


      0.000000    -49.308800  1
      0.000010    -49.308800  1
      0.000030    -49.308800  1
      0.000044    -49.308800  1
      0.000065    -49.308800  1


      0.000000    -40.191000  1
      0.000010    -40.191000  1
      0.000030    -40.191000  1
      0.000044    -40.191000  1
      0.000065    -40.191000  1


      0.000000    -40.148300  1
      0.000010    -40.148300  1
      0.000030    -40.148300  1
      0.000044    -40.148300  1
      0.000065    -40.148300  1


      0.000000    -40.123000  1
      0.000010    -40.123000  1
      0.000030    -40.123000  1
      0.000044    -40.123000  1
      0.000065    -40.123000  1


      0.000000    -40.108400  1
      0.000010    -40.108400  1
      0.000030    -40.108400  1
      0.000044    -40.108400  1
      0.000065    -40.108400  1


      0.000000    -17.163300  1
      0.000010    -17.163300  1
      0.000030    -17.163300  1
      0.000044    -17.163300  1
      0.000065    -17.163300  1


      0.000000    -17.009500  1
      0.000010    -17.009500  1
      0.000030    -17.009500  1
      0.000044    -17.009500  1
      0.000065    -17.009500  1


      0.000000    -16.952400  1
      0.000010    -16.952400  1
      0.000030    -16.952400  1
      0.000044    -16.952400  1
      0.000065    -16.952400  1


      0.000000    -16.941900  1
      0.000010    -16.941900  1
      0.000030    -16.941900  1
      0.000044    -16.941900  1
      0.000065    -16.941900  1


      0.000000     -9.920200  1
      0.000010     -9.920200  1
      0.000030     -9.920200  1
      0.000044     -9.920200  1
      0.000065     -9.920200  1


      0.000000     -9.866900  1
      0.000010     -9.866900  1
      0.000030     -9.866900  1
      0.000044     -9.866900  1
      0.000065     -9.866900  1


      0.000000     -9.787200  1
      0.000010     -9.787200  1
      0.000030     -9.787200  1
      0.000044     -9.787200  1
      0.000065     -9.787200  1


      0.000000     -9.625300  1
      0.000010     -9.625300  1
      0.000030     -9.625300  1
      0.000044     -9.625300  1
      0.000065     -9.625300  1


      0.000000     -8.894100  1
      0.000010     -8.894100  1
      0.000030     -8.894100  1
      0.000044     -8.894100  1
      0.000065     -8.894100  1


      0.000000     -8.752100  1
      0.000010     -8.752100  1
      0.000030     -8.752100  1
      0.000044     -8.752100  1
      0.000065     -8.752100  1


      0.000000     -8.218100  1
      0.000010     -8.218100  1
      0.000030     -8.218100  1
      0.000044     -8.218100  1
      0.000065     -8.218100  1


      0.000000     -8.166200  1
      0.000010     -8.166200  1
      0.000030     -8.166200  1
      0.000044     -8.166200  1
      0.000065     -8.166200  1


      0.000000     -7.873600  1
      0.000010     -7.873600  1
      0.000030     -7.873600  1
      0.000044     -7.873600  1
      0.000065     -7.873600  1


      0.000000     -7.636000  1
      0.000010     -7.636000  1
      0.000030     -7.636000  1
      0.000044     -7.636000  1
      0.000065     -7.636000  1


      0.000000     -6.837300  1
      0.000010     -6.837300  1
      0.000030     -6.837300  1
      0.000044     -6.837300  1
      0.000065     -6.837300  1


      0.000000     -6.760100  1
      0.000010     -6.760100  1
      0.000030     -6.760100  1
      0.000044     -6.760100  1
      0.000065     -6.760100  1


      0.000000     -4.693600  1
      0.000010     -4.693600  1
      0.000030     -4.693600  1
      0.000044     -4.693600  1
      0.000065     -4.693600  1


      0.000000     -4.208200  1
      0.000010     -4.208200  1
      0.000030     -4.208200  1
      0.000044     -4.208200  1
      0.000065     -4.208200  1


      0.000000     -2.904700  1
      0.000010     -2.904700  1
      0.000030     -2.904700  1
      0.000044     -2.904700  1
      0.000065     -2.904700  1


      0.000000     -2.872100  1
      0.000010     -2.872100  1
      0.000030     -2.872100  1
      0.000044     -2.872100  1
      0.000065     -2.872100  1


      0.000000     -1.487700  1
      0.000010     -1.487700  1
      0.000030     -1.487700  1
      0.000044     -1.487700  1
      0.000065     -1.487700  1


      0.000000     -1.405400  1
      0.000010     -1.405400  1
      0.000030     -1.405400  1
      0.000044     -1.405400  1
      0.000065     -1.405400  1


      0.000000     -1.093100  1
      0.000010     -1.093100  1
      0.000030     -1.093100  1
      0.000044     -1.093100  1
      0.000065     -1.093100  1


      0.000000     -0.745900  1
      0.000010     -0.745900  1
      0.000030     -0.745900  1
      0.000044     -0.745900  1
      0.000065     -0.745900  1


      0.000000      0.343900  1
      0.000010      0.343900  1
      0.000030      0.343900  1
      0.000044      0.343900  1
      0.000065      0.343900  1


      0.000000      0.597700  1
      0.000010      0.597700  1
      0.000030      0.597700  1
      0.000044      0.597700  1
      0.000065      0.597700  1


      0.000000      2.423100  1
      0.000010      2.423100  1
      0.000030      2.423100  1
      0.000044      2.423100  1
      0.000065      2.423100  1


      0.000000      2.482600  1
      0.000010      2.482600  1
      0.000030      2.482600  1
      0.000044      2.482600  1
      0.000065      2.482600  1


      0.000000      2.839300  1
      0.000010      2.839300  1
      0.000030      2.839300  1
      0.000044      2.839300  1
      0.000065      2.839300  1


      0.000000      3.362400  1
      0.000010      3.362400  1
      0.000030      3.362400  1
      0.000044      3.362400  1
      0.000065      3.362400  1


      0.000000      6.670600  1
      0.000010      6.670600  1
      0.000030      6.670600  1
      0.000044      6.670600  1
      0.000065      6.670600  1


      0.000000      6.925700  1
      0.000010      6.925700  1
      0.000030      6.925700  1
      0.000044      6.925700  1
      0.000065      6.925700  1


      0.000000      7.371200  1
      0.000010      7.371200  1
      0.000030      7.371200  1
      0.000044      7.371200  1
      0.000065      7.371200  1


      0.000000      7.548900  1
      0.000010      7.548900  1
      0.000030      7.548900  1
      0.000044      7.548900  1
      0.000065      7.548900  1


      0.000000      9.018900  1
      0.000010      9.018900  1
      0.000030      9.018900  1
      0.000044      9.018900  1
      0.000065      9.018900  1


      0.000000      9.155400  1
      0.000010      9.155400  1
      0.000030      9.155400  1
      0.000044      9.155400  1
      0.000065      9.155400  1


      0.000000      9.789700  1
      0.000010      9.789700  1
      0.000030      9.789700  1
      0.000044      9.789700  1
      0.000065      9.789700  1


      0.000000     10.051900  1
      0.000010     10.051900  1
      0.000030     10.051900  1
      0.000044     10.051900  1
      0.000065     10.051900  1


      0.000000     10.120100  1
      0.000010     10.120100  1
      0.000030     10.120100  1
      0.000044     10.120100  1
      0.000065     10.120100  1


      0.000000     10.273400  1
      0.000010     10.273400  1
      0.000030     10.273400  1
      0.000044     10.273400  1
      0.000065     10.273400  1


      0.000000     10.284300  1
      0.000010     10.284300  1
      0.000030     10.284300  1
      0.000044     10.284300  1
      0.000065     10.284300  1


      0.000000     10.503100  1
      0.000010     10.503100  1
      0.000030     10.503100  1
      0.000044     10.503100  1
      0.000065     10.503100  1


      0.000000     10.820000  1
      0.000010     10.820000  1
      0.000030     10.820000  1
      0.000044     10.820000  1
      0.000065     10.820000  1


      0.000000     11.028900  1
      0.000010     11.028900  1
      0.000030     11.028900  1
      0.000044     11.028900  1
      0.000065     11.028900  1


      0.000000     11.516500  1
      0.000010     11.516500  1
      0.000030     11.516500  1
      0.000044     11.516500  1
      0.000065     11.516500  1


      0.000000     11.520700  1
      0.000010     11.520700  1
      0.000030     11.520700  1
      0.000044     11.520700  1
      0.000065     11.520700  1


      0.000000     14.024300  1
      0.000010     14.024300  1
      0.000030     14.024300  1
      0.000044     14.024300  1
      0.000065     14.024300  1


      0.000000     14.313500  1
      0.000010     14.313500  1
      0.000030     14.313500  1
      0.000044     14.313500  1
      0.000065     14.313500  1


      0.000000     15.657500  1
      0.000010     15.657500  1
      0.000030     15.657500  1
      0.000044     15.657500  1
      0.000065     15.657500  1


      0.000000     15.916200  1
      0.000010     15.916200  1
      0.000030     15.916200  1
      0.000044     15.916200  1
      0.000065     15.916200  1


      0.000000     16.444200  1
      0.000010     16.444200  1
      0.000030     16.444200  1
      0.000044     16.444200  1
      0.000065     16.444200  1


      0.000000     16.462700  1
      0.000010     16.462700  1
      0.000030     16.462700  1
      0.000044     16.462700  1
      0.000065     16.462700  1


      0.000000     19.213400  1
      0.000010     19.213400  1
      0.000030     19.213400  1
      0.000044     19.213400  1
      0.000065     19.213400  1


      0.000000     19.317600  1
      0.000010     19.317600  1
      0.000030     19.317600  1
      0.000044     19.317600  1
      0.000065     19.317600  1


      0.000000     19.325100  1
      0.000010     19.325100  1
      0.000030     19.325100  1
      0.000044     19.325100  1
      0.000065     19.325100  1


      0.000000     20.108300  1
      0.000010     20.108300  1
      0.000030     20.108300  1
      0.000044     20.108300  1
      0.000065     20.108300  1


      0.000000     25.746900  1
      0.000010     25.746900  1
      0.000030     25.746900  1
      0.000044     25.746900  1
      0.000065     25.746900  1


      0.000000     25.748300  1
      0.000010     25.748300  1
      0.000030     25.748300  1
      0.000044     25.748300  1
      0.000065     25.748300  1


      0.000000     26.277300  1
      0.000010     26.277300  1
      0.000030     26.277300  1
      0.000044     26.277300  1
      0.000065     26.277300  1


      0.000000     27.285300  1
      0.000010     27.285300  1
      0.000030     27.285300  1
      0.000044     27.285300  1
      0.000065     27.285300  1


      0.000000     27.398800  1
      0.000010     27.398800  1
      0.000030     27.398800  1
      0.000044     27.398800  1
      0.000065     27.398800  1


      0.000000     27.567700  1
      0.000010     27.567700  1
      0.000030     27.567700  1
      0.000044     27.567700  1
      0.000065     27.567700  1


      0.000000     29.844100  1
      0.000010     29.844100  1
      0.000030     29.844100  1
      0.000044     29.844100  1
      0.000065     29.844100  1


      0.000000     29.959000  1
      0.000010     29.959000  1
      0.000030     29.959000  1
      0.000044     29.959000  1
      0.000065     29.959000  1


      0.000000     34.888100  1
      0.000010     34.888100  1
      0.000030     34.888100  1
      0.000044     34.888100  1
      0.000065     34.888100  1


      0.000000     34.993600  1
      0.000010     34.993600  1
      0.000030     34.993600  1
      0.000044     34.993600  1
      0.000065     34.993600  1


      0.000000     41.017500  1
      0.000010     41.017500  1
      0.000030     41.017500  1
      0.000044     41.017500  1
      0.000065     41.017500  1


      0.000000     41.071900  1
      0.000010     41.071900  1
      0.000030     41.071900  1
      0.000044     41.071900  1
      0.000065     41.071900  1


      0.000000     45.218900  1
      0.000010     45.218900  1
      0.000030     45.218900  1
      0.000044     45.218900  1
      0.000065     45.218900  1


      0.000000     45.262800  1
      0.000010     45.262800  1
      0.000030     45.262800  1
      0.000044     45.262800  1
      0.000065     45.262800  1


      0.000000     46.129600  1
      0.000010     46.129600  1
      0.000030     46.129600  1
      0.000044     46.129600  1
      0.000065     46.129600  1


      0.000000     46.588600  1
      0.000010     46.588600  1
      0.000030     46.588600  1
      0.000044     46.588600  1
      0.000065     46.588600  1


      0.000000     49.814200  1
      0.000010     49.814200  1
      0.000030     49.814200  1
      0.000044     49.814200  1
      0.000065     49.814200  1


      0.000000     49.815300  1
      0.000010     49.815300  1
      0.000030     49.815300  1
      0.000044     49.815300  1
      0.000065     49.815300  1


      0.000000     62.629000  1
      0.000010     62.629000  1
      0.000030     62.629000  1
      0.000044     62.629000  1
      0.000065     62.629000  1


      0.000000     62.970100  1
      0.000010     62.970100  1
      0.000030     62.970100  1
      0.000044     62.970100  1
      0.000065     62.970100  1


      0.000000     64.405500  1
      0.000010     64.405500  1
      0.000030     64.405500  1
      0.000044     64.405500  1
      0.000065     64.405500  1


      0.000000     64.487000  1
      0.000010     64.487000  1
      0.000030     64.487000  1
      0.000044     64.487000  1
      0.000065     64.487000  1


      0.000000     66.692500  1
      0.000010     66.692500  1
      0.000030     66.692500  1
      0.000044     66.692500  1
      0.000065     66.692500  1


      0.000000     66.767000  1
      0.000010     66.767000  1
      0.000030     66.767000  1
      0.000044     66.767000  1
      0.000065     66.767000  1


      0.000000     74.994500  1
      0.000010     74.994500  1
      0.000030     74.994500  1
      0.000044     74.994500  1
      0.000065     74.994500  1


      0.000000     75.004700  1
      0.000010     75.004700  1
      0.000030     75.004700  1
      0.000044     75.004700  1
      0.000065     75.004700  1


