# GNUBANDS: Utility for SIESTA to transform bands output into Gnuplot format
#
#                                                  Emilio Artacho, Feb. 1999
#                                                   Alberto Garcia, May 2012
#                                         Nick Papior, April 2013, July 2016
# --------------------------------------------------------------------------
# E_F               =    -4.5928
# k_min, k_max      =     0.0000    0.0001
# E_min, E_max      =     -1e30       1e30
# Nbands, Nspin, Nk =     90     1     5
# Using min_band, max_band =      1    90
# Total number of bands =     90
#
#        k            E[eV]
# --------------------------------------------------------------------------

      0.000000    -66.175300  1
      0.000010    -66.175300  1
      0.000031    -66.175300  1
      0.000046    -66.175300  1
      0.000067    -66.175300  1


      0.000000    -66.175300  1
      0.000010    -66.175300  1
      0.000031    -66.175300  1
      0.000046    -66.175300  1
      0.000067    -66.175300  1


      0.000000    -41.980400  1
      0.000010    -41.980400  1
      0.000031    -41.980400  1
      0.000046    -41.980400  1
      0.000067    -41.980400  1


      0.000000    -41.967600  1
      0.000010    -41.967600  1
      0.000031    -41.967600  1
      0.000046    -41.967600  1
      0.000067    -41.967600  1


      0.000000    -39.631500  1
      0.000010    -39.631500  1
      0.000031    -39.631500  1
      0.000046    -39.631500  1
      0.000067    -39.631500  1


      0.000000    -39.588100  1
      0.000010    -39.588100  1
      0.000031    -39.588100  1
      0.000046    -39.588100  1
      0.000067    -39.588100  1


      0.000000    -39.536300  1
      0.000010    -39.536300  1
      0.000031    -39.536300  1
      0.000046    -39.536300  1
      0.000067    -39.536300  1


      0.000000    -39.522100  1
      0.000010    -39.522100  1
      0.000031    -39.522100  1
      0.000046    -39.522100  1
      0.000067    -39.522100  1


      0.000000    -17.183400  1
      0.000010    -17.183400  1
      0.000031    -17.183400  1
      0.000046    -17.183400  1
      0.000067    -17.183400  1


      0.000000    -17.125400  1
      0.000010    -17.125400  1
      0.000031    -17.125400  1
      0.000046    -17.125400  1
      0.000067    -17.125400  1


      0.000000    -17.076100  1
      0.000010    -17.076100  1
      0.000031    -17.076100  1
      0.000046    -17.076100  1
      0.000067    -17.076100  1


      0.000000    -17.071800  1
      0.000010    -17.071800  1
      0.000031    -17.071800  1
      0.000046    -17.071800  1
      0.000067    -17.071800  1


      0.000000    -10.649600  1
      0.000010    -10.649600  1
      0.000031    -10.649600  1
      0.000046    -10.649600  1
      0.000067    -10.649600  1


      0.000000    -10.643000  1
      0.000010    -10.643000  1
      0.000031    -10.643000  1
      0.000046    -10.643000  1
      0.000067    -10.643000  1


      0.000000     -9.833600  1
      0.000010     -9.833600  1
      0.000031     -9.833600  1
      0.000046     -9.833600  1
      0.000067     -9.833600  1


      0.000000     -9.798100  1
      0.000010     -9.798100  1
      0.000031     -9.798100  1
      0.000046     -9.798100  1
      0.000067     -9.798100  1


      0.000000     -9.292800  1
      0.000010     -9.292800  1
      0.000031     -9.292800  1
      0.000046     -9.292800  1
      0.000067     -9.292800  1


      0.000000     -9.241400  1
      0.000010     -9.241400  1
      0.000031     -9.241400  1
      0.000046     -9.241400  1
      0.000067     -9.241400  1


      0.000000     -8.779600  1
      0.000010     -8.779600  1
      0.000031     -8.779600  1
      0.000046     -8.779600  1
      0.000067     -8.779600  1


      0.000000     -8.771100  1
      0.000010     -8.771100  1
      0.000031     -8.771100  1
      0.000046     -8.771100  1
      0.000067     -8.771100  1


      0.000000     -8.109900  1
      0.000010     -8.109900  1
      0.000031     -8.109900  1
      0.000046     -8.109900  1
      0.000067     -8.109900  1


      0.000000     -8.060100  1
      0.000010     -8.060100  1
      0.000031     -8.060100  1
      0.000046     -8.060100  1
      0.000067     -8.060100  1


      0.000000     -7.376300  1
      0.000010     -7.376300  1
      0.000031     -7.376300  1
      0.000046     -7.376300  1
      0.000067     -7.376300  1


      0.000000     -7.352500  1
      0.000010     -7.352500  1
      0.000031     -7.352500  1
      0.000046     -7.352500  1
      0.000067     -7.352500  1


      0.000000     -5.302200  1
      0.000010     -5.302200  1
      0.000031     -5.302200  1
      0.000046     -5.302200  1
      0.000067     -5.302200  1


      0.000000     -5.152200  1
      0.000010     -5.152200  1
      0.000031     -5.152200  1
      0.000046     -5.152200  1
      0.000067     -5.152200  1


      0.000000     -3.570200  1
      0.000010     -3.570200  1
      0.000031     -3.570200  1
      0.000046     -3.570200  1
      0.000067     -3.570200  1


      0.000000     -3.566800  1
      0.000010     -3.566800  1
      0.000031     -3.566800  1
      0.000046     -3.566800  1
      0.000067     -3.566800  1


      0.000000     -2.181700  1
      0.000010     -2.181700  1
      0.000031     -2.181700  1
      0.000046     -2.181700  1
      0.000067     -2.181700  1


      0.000000     -2.152000  1
      0.000010     -2.152000  1
      0.000031     -2.152000  1
      0.000046     -2.152000  1
      0.000067     -2.152000  1


      0.000000     -1.776200  1
      0.000010     -1.776200  1
      0.000031     -1.776200  1
      0.000046     -1.776200  1
      0.000067     -1.776200  1


      0.000000     -1.637000  1
      0.000010     -1.637000  1
      0.000031     -1.637000  1
      0.000046     -1.637000  1
      0.000067     -1.637000  1


      0.000000     -0.292700  1
      0.000010     -0.292700  1
      0.000031     -0.292700  1
      0.000046     -0.292700  1
      0.000067     -0.292700  1


      0.000000     -0.208000  1
      0.000010     -0.208000  1
      0.000031     -0.208000  1
      0.000046     -0.208000  1
      0.000067     -0.208000  1


      0.000000      2.354700  1
      0.000010      2.354700  1
      0.000031      2.354700  1
      0.000046      2.354700  1
      0.000067      2.354700  1


      0.000000      2.472200  1
      0.000010      2.472200  1
      0.000031      2.472200  1
      0.000046      2.472200  1
      0.000067      2.472200  1


      0.000000      3.042700  1
      0.000010      3.042700  1
      0.000031      3.042700  1
      0.000046      3.042700  1
      0.000067      3.042700  1


      0.000000      3.048400  1
      0.000010      3.048400  1
      0.000031      3.048400  1
      0.000046      3.048400  1
      0.000067      3.048400  1


      0.000000      6.448300  1
      0.000010      6.448300  1
      0.000031      6.448300  1
      0.000046      6.448300  1
      0.000067      6.448300  1


      0.000000      6.462700  1
      0.000010      6.462700  1
      0.000031      6.462700  1
      0.000046      6.462700  1
      0.000067      6.462700  1


      0.000000      6.650000  1
      0.000010      6.650000  1
      0.000031      6.650000  1
      0.000046      6.650000  1
      0.000067      6.650000  1


      0.000000      6.679800  1
      0.000010      6.679800  1
      0.000031      6.679800  1
      0.000046      6.679800  1
      0.000067      6.679800  1


      0.000000      7.260500  1
      0.000010      7.260500  1
      0.000031      7.260500  1
      0.000046      7.260500  1
      0.000067      7.260500  1


      0.000000      7.287100  1
      0.000010      7.287100  1
      0.000031      7.287100  1
      0.000046      7.287100  1
      0.000067      7.287100  1


      0.000000      7.999300  1
      0.000010      7.999300  1
      0.000031      7.999300  1
      0.000046      7.999300  1
      0.000067      7.999300  1


      0.000000      8.026900  1
      0.000010      8.026900  1
      0.000031      8.026900  1
      0.000046      8.026900  1
      0.000067      8.026900  1


      0.000000      8.193700  1
      0.000010      8.193600  1
      0.000031      8.193700  1
      0.000046      8.193600  1
      0.000067      8.193700  1


      0.000000      8.257600  1
      0.000010      8.257600  1
      0.000031      8.257600  1
      0.000046      8.257600  1
      0.000067      8.257600  1


      0.000000      8.522700  1
      0.000010      8.522700  1
      0.000031      8.522700  1
      0.000046      8.522700  1
      0.000067      8.522700  1


      0.000000      8.538900  1
      0.000010      8.538900  1
      0.000031      8.538900  1
      0.000046      8.538900  1
      0.000067      8.538900  1


      0.000000      9.041100  1
      0.000010      9.041100  1
      0.000031      9.041100  1
      0.000046      9.041100  1
      0.000067      9.041100  1


      0.000000      9.068200  1
      0.000010      9.068200  1
      0.000031      9.068200  1
      0.000046      9.068200  1
      0.000067      9.068200  1


      0.000000     10.032900  1
      0.000010     10.032900  1
      0.000031     10.032900  1
      0.000046     10.032900  1
      0.000067     10.032900  1


      0.000000     10.033000  1
      0.000010     10.033000  1
      0.000031     10.033000  1
      0.000046     10.033000  1
      0.000067     10.033000  1


      0.000000     14.540700  1
      0.000010     14.540700  1
      0.000031     14.540700  1
      0.000046     14.540700  1
      0.000067     14.540700  1


      0.000000     14.556200  1
      0.000010     14.556200  1
      0.000031     14.556200  1
      0.000046     14.556200  1
      0.000067     14.556200  1


      0.000000     15.400600  1
      0.000010     15.400600  1
      0.000031     15.400600  1
      0.000046     15.400600  1
      0.000067     15.400600  1


      0.000000     15.542400  1
      0.000010     15.542400  1
      0.000031     15.542400  1
      0.000046     15.542400  1
      0.000067     15.542400  1


      0.000000     15.551600  1
      0.000010     15.551600  1
      0.000031     15.551600  1
      0.000046     15.551500  1
      0.000067     15.551600  1


      0.000000     15.562600  1
      0.000010     15.562600  1
      0.000031     15.562600  1
      0.000046     15.562600  1
      0.000067     15.562600  1


      0.000000     17.650800  1
      0.000010     17.650800  1
      0.000031     17.650800  1
      0.000046     17.650800  1
      0.000067     17.650800  1


      0.000000     17.650900  1
      0.000010     17.650900  1
      0.000031     17.650900  1
      0.000046     17.650900  1
      0.000067     17.650900  1


      0.000000     19.094400  1
      0.000010     19.094400  1
      0.000031     19.094400  1
      0.000046     19.094400  1
      0.000067     19.094400  1


      0.000000     19.342700  1
      0.000010     19.342700  1
      0.000031     19.342700  1
      0.000046     19.342700  1
      0.000067     19.342700  1


      0.000000     19.705200  1
      0.000010     19.705200  1
      0.000031     19.705200  1
      0.000046     19.705200  1
      0.000067     19.705200  1


      0.000000     19.713500  1
      0.000010     19.713500  1
      0.000031     19.713500  1
      0.000046     19.713500  1
      0.000067     19.713500  1


      0.000000     21.010100  1
      0.000010     21.010100  1
      0.000031     21.010100  1
      0.000046     21.010100  1
      0.000067     21.010100  1


      0.000000     21.020200  1
      0.000010     21.020200  1
      0.000031     21.020200  1
      0.000046     21.020200  1
      0.000067     21.020200  1


      0.000000     21.698200  1
      0.000010     21.698200  1
      0.000031     21.698200  1
      0.000046     21.698200  1
      0.000067     21.698200  1


      0.000000     21.717800  1
      0.000010     21.717800  1
      0.000031     21.717800  1
      0.000046     21.717800  1
      0.000067     21.717800  1


      0.000000     25.181900  1
      0.000010     25.181900  1
      0.000031     25.181900  1
      0.000046     25.181900  1
      0.000067     25.181900  1


      0.000000     25.191700  1
      0.000010     25.191700  1
      0.000031     25.191700  1
      0.000046     25.191700  1
      0.000067     25.191700  1


      0.000000     28.143900  1
      0.000010     28.143900  1
      0.000031     28.143900  1
      0.000046     28.143900  1
      0.000067     28.143900  1


      0.000000     28.148700  1
      0.000010     28.148700  1
      0.000031     28.148700  1
      0.000046     28.148700  1
      0.000067     28.148700  1


      0.000000     30.433000  1
      0.000010     30.433000  1
      0.000031     30.433000  1
      0.000046     30.433000  1
      0.000067     30.433000  1


      0.000000     30.453500  1
      0.000010     30.453500  1
      0.000031     30.453500  1
      0.000046     30.453500  1
      0.000067     30.453500  1


      0.000000     30.748100  1
      0.000010     30.748100  1
      0.000031     30.748100  1
      0.000046     30.748100  1
      0.000067     30.748100  1


      0.000000     30.751000  1
      0.000010     30.751000  1
      0.000031     30.751000  1
      0.000046     30.751000  1
      0.000067     30.751000  1


      0.000000     32.830100  1
      0.000010     32.830100  1
      0.000031     32.830100  1
      0.000046     32.830100  1
      0.000067     32.830100  1


      0.000000     32.832900  1
      0.000010     32.832900  1
      0.000031     32.832900  1
      0.000046     32.832900  1
      0.000067     32.832900  1


      0.000000     36.863400  1
      0.000010     36.863400  1
      0.000031     36.863400  1
      0.000046     36.863400  1
      0.000067     36.863400  1


      0.000000     37.279200  1
      0.000010     37.279200  1
      0.000031     37.279200  1
      0.000046     37.279200  1
      0.000067     37.279200  1


      0.000000     40.219600  1
      0.000010     40.219600  1
      0.000031     40.219600  1
      0.000046     40.219600  1
      0.000067     40.219600  1


      0.000000     40.220500  1
      0.000010     40.220500  1
      0.000031     40.220500  1
      0.000046     40.220500  1
      0.000067     40.220500  1


      0.000000     41.823800  1
      0.000010     41.823800  1
      0.000031     41.823800  1
      0.000046     41.823800  1
      0.000067     41.823800  1


      0.000000     41.837600  1
      0.000010     41.837600  1
      0.000031     41.837600  1
      0.000046     41.837600  1
      0.000067     41.837600  1


      0.000000     50.967000  1
      0.000010     50.967000  1
      0.000031     50.967000  1
      0.000046     50.967000  1
      0.000067     50.967000  1


      0.000000     51.000500  1
      0.000010     51.000500  1
      0.000031     51.000500  1
      0.000046     51.000500  1
      0.000067     51.000500  1


      0.000000     57.209700  1
      0.000010     57.209700  1
      0.000031     57.209700  1
      0.000046     57.209700  1
      0.000067     57.209700  1


      0.000000     57.219500  1
      0.000010     57.219500  1
      0.000031     57.219500  1
      0.000046     57.219500  1
      0.000067     57.219500  1


